[gd_scene load_steps=4 format=2]

[sub_resource type="SphereShape" id=1]


[sub_resource type="SphereMesh" id=2]

radius = 0.5
height = 1.0
radial_segments = 6
rings = 6

[sub_resource type="SpatialMaterial" id=3]

roughness = 0.0

[node name="AI" type="Spatial"]

[node name="Senses" type="Spatial" parent="."]
transform = Transform( -4.37114e-008, 0, -1, 0, 1, 0, 1, 0, -4.37114e-008, 0, 0, 0 )

[node name="SmellandHear" type="Area" parent="Senses"]

[node name="CollisionShape" type="CollisionShape" parent="Senses/SmellandHear"]
transform = Transform( 1, 0, 0, 0, 1, 0, 0, 0, 1, 0, 2.06333, 0 )
shape = SubResource( 1 )

[node name="Eyes" type="RayCast" parent="Senses/SmellandHear"]
transform = Transform( 1, 0, 0, 0, 1, 0, 0, 0, 1, 0, 1.53976, 0 )
enabled = true
cast_to = Vector3( 0, 0, 20 )

[node name="Eyes2" type="RayCast" parent="Senses/SmellandHear/Eyes"]
transform = Transform( 1, -7.59041e-009, -6.6408e-010, 7.5904e-009, 0.984808, 0.173648, -6.64077e-010, -0.173648, 0.984808, 0, 0.221942, 0 )
enabled = true
cast_to = Vector3( 0, 0, 20 )

[node name="Eyes3" type="RayCast" parent="Senses/SmellandHear/Eyes"]
transform = Transform( 1, 3.8097e-009, -1.66335e-010, -3.8097e-009, 0.996195, -0.0871557, -1.66335e-010, 0.0871557, 0.996195, 0, -0.828907, 0 )
enabled = true
cast_to = Vector3( 0, 0, 20 )

[node name="Eyes4" type="RayCast" parent="Senses/SmellandHear/Eyes"]
transform = Transform( -6.7395e-008, 0.250014, -0.968242, -1, -4.09375e-008, 5.90349e-008, -2.48778e-008, 0.968242, 0.250014, -1, 0, 4.37114e-008 )
enabled = true
cast_to = Vector3( 0, 0, 20 )

[node name="Eyes6" type="RayCast" parent="Senses/SmellandHear/Eyes"]
transform = Transform( -6.76187e-008, 0.813896, -0.58101, -1, -4.09375e-008, 5.90349e-008, 2.42632e-008, 0.58101, 0.813896, -0.339878, 0, 1.48565e-008 )
enabled = true
cast_to = Vector3( 0, 0, 20 )

[node name="Eyes5" type="RayCast" parent="Senses/SmellandHear/Eyes"]
transform = Transform( -1.84314e-008, 0.838913, 0.544265, -1, -4.1578e-008, 3.02224e-008, 4.79834e-008, -0.544265, 0.838913, 0.540355, 0, -2.36197e-008 )
enabled = true
cast_to = Vector3( 0, 0, 20 )

[node name="Eyes7" type="RayCast" parent="Senses/SmellandHear/Eyes"]
transform = Transform( 1.67239e-008, 0.292798, 0.956174, -1, -4.1578e-008, 3.02224e-008, 4.86049e-008, -0.956174, 0.292798, 1, 0, -4.37114e-008 )
enabled = true
cast_to = Vector3( 0, 0, 20 )

[node name="Head" type="RayCast" parent="Senses/SmellandHear"]
transform = Transform( 1, 0, 0, 0, 1, 0, 0, 0, 1, 0, 3.03247, 0 )
enabled = true
cast_to = Vector3( 0, 0.5, 0.5 )

[node name="Feet" type="RayCast" parent="Senses/SmellandHear"]
transform = Transform( 1, -2.00103e-008, -4.84913e-009, 2.00103e-008, 0.889065, 0.457781, -4.84913e-009, -0.457781, 0.889065, 4.84757e-008, 0.7709, 1.10899 )
enabled = true
cast_to = Vector3( 0, -0.5, 1 )

[node name="Checkheight" type="RayCast" parent="Senses/SmellandHear"]
transform = Transform( 1, 0, 0, 0, 1, 0, 0, 0, 1, 0, 0.59661, 1 )
enabled = true
cast_to = Vector3( 0, -3, 0 )

[node name="MeshInstance" type="MeshInstance" parent="Senses/SmellandHear"]
transform = Transform( 1, 0, 0, 0, 1, 0, 0, 0, 1, 1.40375e-006, 2.83143, 39.6589 )
mesh = SubResource( 2 )
material/0 = SubResource( 3 )

[node name="Hear" type="Area" parent="Senses"]

[node name="CollisionShape" type="CollisionShape" parent="Senses/Hear"]
transform = Transform( 1, 0, 0, 0, 1, 0, 0, 0, 1, 0, 2.06333, 0 )
shape = SubResource( 1 )

[node name="Wait" type="Timer" parent="."]
one_shot = true
autostart = true

[node name="Reload" type="Timer" parent="."]
autostart = true

[node name="Wait2" type="Timer" parent="."]
wait_time = 10.0
one_shot = true

[node name="NewSearch" type="Timer" parent="."]
wait_time = 10.0
one_shot = true
autostart = true

[node name="Hunt" type="Timer" parent="."]
autostart = true

[node name="Work" type="Timer" parent="."]
autostart = true

[node name="Wander" type="Timer" parent="."]
wait_time = 5.0
autostart = true

[node name="draw" type="ImmediateGeometry" parent="."]

